paired days 52  zones 39  cells 48,648  (target: canonical SDAC per zone)
       zone    n  ab40_base_MAE  ab40_base_bias  ab40_base_corr  ab40_fixes_MAE  ab40_fixes_bias  ab40_fixes_corr   dMAE  dcorr  diff_cells
         HU 1248         35.168         -29.554           0.718          34.742          -29.084            0.719 -0.427  0.000         261
      DE_LU 1248         25.112          -8.908           0.788          24.844           -8.702            0.789 -0.269  0.001         229
        DK1 1248         25.938          -7.228           0.759          25.839           -7.113            0.760 -0.099  0.001         166
         SI 1224         31.453         -25.522           0.720          31.370          -25.531            0.723 -0.084  0.003         244
         RO 1248         32.879         -16.529           0.667          32.811          -16.431            0.668 -0.068  0.002         159
         BG 1248         30.729         -14.403           0.738          30.669          -14.265            0.739 -0.060  0.001         132
        DK2 1248         30.217         -17.080           0.650          30.160          -17.017            0.651 -0.057  0.001         142
         RS 1248         33.437          -2.226           0.587          33.383           -2.078            0.587 -0.054 -0.000         136
        SE1 1248         25.933          16.061           0.776          25.906           16.037            0.776 -0.027  0.000          36
        NO2 1248         17.286          -8.411           0.723          17.259           -8.437            0.724 -0.027  0.001         130
        NO4 1248         25.484          13.802           0.688          25.463           13.785            0.688 -0.021  0.000          23
         GR 1248         26.648         -10.653           0.798          26.628          -10.557            0.798 -0.020 -0.000          66
         NL 1248         27.226          -9.713           0.658          27.208           -9.888            0.657 -0.018 -0.001         159
        SE2 1248         26.852          17.328           0.789          26.835           17.305            0.789 -0.017  0.000          39
         FI 1248         26.076           8.238           0.839          26.061            8.247            0.839 -0.015  0.000          35
         LV 1248         38.672         -28.894           0.753          38.657          -28.891            0.753 -0.015  0.000          53
        NO5 1248         27.005         -22.484           0.699          26.991          -22.502            0.700 -0.013  0.000          31
         FR 1248         26.567           0.483           0.832          26.554            0.457            0.832 -0.012  0.000         693
        NO1 1248         25.858         -20.122           0.696          25.848          -20.143            0.696 -0.011  0.001          55
        NO3 1248         20.639          -4.002           0.716          20.629           -4.021            0.717 -0.010  0.000          30
         EE 1248         36.853         -11.128           0.747          36.844          -11.120            0.747 -0.009  0.000          51
         LT 1248         38.109         -27.665           0.749          38.101          -27.665            0.749 -0.009  0.000          57
         BE 1248         27.463          -0.448           0.649          27.455           -0.279            0.647 -0.008 -0.002         256
        SE3 1248         22.484          -6.839           0.729          22.486           -6.863            0.729  0.002  0.000          66
         ES 1248         24.675           7.285           0.824          24.679            7.268            0.824  0.004 -0.000         100
         PT 1248         26.277           6.039           0.790          26.281            6.022            0.790  0.004 -0.000          94
IT-Calabria 1248         18.661          -9.289           0.822          18.666           -9.285            0.821  0.005 -0.000          15
  IT-Sicily 1248         21.767         -13.356           0.777          21.772          -13.352            0.777  0.005 -0.000          15
   IT-SOUTH 1248         18.705          -8.198           0.812          18.714           -8.196            0.811  0.009 -0.000          23
  IT-CSOUTH 1248         19.384          -8.577           0.781          19.396           -8.578            0.780  0.012 -0.000          28
  IT-CNORTH 1248         21.537          -6.730           0.746          21.551           -6.742            0.745  0.014 -0.000          38
IT-Sardinia 1248         22.210          -8.930           0.752          22.224           -8.934            0.751  0.014 -0.000          24
        SE4 1248         32.711          -7.909           0.557          32.730           -7.925            0.556  0.018 -0.001          77
   IT-NORTH 1248         22.505          -7.993           0.732          22.536           -8.021            0.732  0.031 -0.000          51
         PL 1248         28.135         -18.751           0.759          28.190          -18.779            0.759  0.054 -0.001         131
         CZ 1248         25.264         -16.384           0.772          25.350          -16.388            0.766  0.087 -0.006         232
         SK 1248         29.904         -23.071           0.746          30.019          -23.212            0.742  0.115 -0.004         244
         CH 1248         37.309         -32.483           0.570          37.466          -32.642            0.569  0.158 -0.001         174
         AT 1248         30.440         -25.800           0.761          30.749          -26.173            0.761  0.309 -0.000         254
FOOTPRINT ab40_base: MAE=27.27 ewMAE=26.48 bias=-9.99 corr=0.758
FOOTPRINT ab40_fixes: MAE=27.26 ewMAE=26.43 bias=-9.98 corr=0.758
cells changed 4,749 of 48,648 (9.8%), mean |Δ| where changed 2.47, max |Δ| 81.0
cells >= 500 EUR/MWh: ab40_base 0, ab40_fixes 0
collapse (settled<=5, n=2268) ab40_base: recall 0.175 FA 161
collapse (settled<=5, n=2268) ab40_fixes: recall 0.175 FA 161
