window 2024-07-01..2026-09-07: cv37 days 786, cv38 days 795, paired days 786, zones 38, paired cells 715944
       zone     n  energy_TWh  cv37_MAE  cv37_bias  cv37_corr  cv38_MAE  cv38_bias  cv38_corr   dMAE  dcorr
        DK2 18864      31.803    29.868    -14.840      0.720    27.306     -7.895      0.737 -2.562  0.018
   IT-SOUTH 18840      42.873    19.823    -13.451      0.796    18.157    -11.831      0.817 -1.666  0.020
IT-Calabria 18840      13.870    20.004    -14.428      0.788    18.604    -12.613      0.802 -1.401  0.014
  IT-Sicily 18840      37.205    21.984    -16.646      0.768    20.734    -14.974      0.777 -1.250  0.010
  IT-CNORTH 18840      51.683    22.546    -15.363      0.771    21.722    -16.188      0.792 -0.824  0.021
   IT-NORTH 18840     339.182    23.069    -16.420      0.781    22.265    -17.420      0.802 -0.804  0.020
IT-Sardinia 18840      17.450    22.055    -12.527      0.739    21.460    -12.163      0.741 -0.595  0.003
         LT 18864      26.040    37.992    -20.851      0.716    37.484    -18.175      0.711 -0.508 -0.004
         SI 18480      26.974    28.435    -17.697      0.757    27.964    -15.506      0.751 -0.471 -0.007
         LV 18864      15.646    38.180    -21.729      0.719    37.719    -19.267      0.711 -0.461 -0.007
         HU 18864      93.564    34.590    -23.592      0.704    34.204    -21.479      0.696 -0.386 -0.008
         RS 18816      73.703    31.680     -0.314      0.613    31.340     -0.120      0.622 -0.340  0.009
         EE 18840      16.932    37.899    -14.321      0.715    37.570    -11.697      0.713 -0.330 -0.002
  IT-CSOUTH 18840     105.517    17.336     -9.076      0.807    17.029    -10.191      0.827 -0.307  0.019
         PL 18864     343.028    26.796    -13.537      0.784    26.529    -12.295      0.784 -0.267 -0.000
         SK 18864      55.586    29.279    -17.241      0.773    29.035    -15.002      0.765 -0.244 -0.008
         AT 18864     127.130    23.055    -14.266      0.856    22.861    -11.951      0.840 -0.194 -0.016
         RO 18864     114.604    28.800    -10.873      0.740    28.642     -9.540      0.741 -0.158  0.001
         FR 18864     926.821    21.748      3.120      0.853    21.596      4.977      0.860 -0.151  0.007
         GR 18840     109.795    24.042    -11.675      0.802    23.918    -10.827      0.800 -0.124 -0.001
         PT 18864     114.109    24.092      1.036      0.798    23.971      1.123      0.796 -0.120 -0.001
         BG 18816      81.356    27.538    -10.617      0.751    27.439     -9.667      0.751 -0.100  0.000
         ES 18864     517.174    23.434      1.353      0.817    23.368      1.818      0.815 -0.066 -0.002
         CZ 18864     133.812    22.924     -9.067      0.827    22.968     -6.937      0.823  0.044 -0.004
         FI 18864     181.615    26.244      6.983      0.795    26.299      7.351      0.796  0.055  0.001
        SE1 18840      23.175    23.136     15.154      0.729    23.193     15.437      0.733  0.057  0.004
        NO4 18864      42.886    25.460     20.670      0.656    25.559     20.854      0.657  0.099  0.001
        SE2 18840      31.677    24.005     16.189      0.729    24.169     16.568      0.731  0.163  0.002
        NO1 18864      73.433    27.859      0.013      0.535    28.042      1.154      0.532  0.183 -0.004
        SE3 18840     175.970    27.807      9.838      0.632    28.082     10.976      0.634  0.275  0.003
        NO5 18864      36.870    27.504      1.118      0.512    27.814      2.010      0.503  0.310 -0.009
        DK1 18864      50.565    24.492      2.168      0.822    24.866      3.893      0.818  0.375 -0.004
        NO3 18864      61.409    29.175     16.558      0.561    29.551     17.157      0.555  0.376 -0.005
        NO2 18864      78.475    21.415      4.299      0.703    21.799      6.283      0.708  0.385  0.006
         NL 18864     250.518    23.609     -2.334      0.800    24.206     -0.707      0.793  0.597 -0.007
      DE_LU 18864    1011.411    21.142     -1.918      0.873    21.847      0.401      0.868  0.704 -0.005
         BE 18768     173.091    22.639      4.776      0.818    23.541      7.093      0.812  0.903 -0.006
        SE4 18840      45.455    31.122      6.042      0.508    32.276      9.523      0.506  1.153 -0.003

## FOOTPRINT (pooled cells / energy-weighted)
cv37: corr=0.775 MAE=26.13 ewMAE=24.26 bias=-5.09 | zones corr>=0.7: 31/38 | E@corr>=0.7: 91.0% E@corr>=0.75: 83.0% E@corr>=0.8: 60.3%
cv38: corr=0.778 MAE=25.92 ewMAE=24.25 bias=-3.67 | zones corr>=0.7: 30/38 | E@corr>=0.7: 89.3% E@corr>=0.75: 83.0% E@corr>=0.8: 62.8%
cells changed: 279220 of 715944 (39.0%), mean |Δ| where changed 7.54, max |Δ| 433.2

## by calendar year (footprint MAE / corr, cvA -> cvB)
  2024: n=166776  MAE 28.76 -> 29.05   corr 0.731 -> 0.728
  2025: n=332544  MAE 22.96 -> 22.75   corr 0.814 -> 0.818
  2026: n=216624  MAE 28.96 -> 28.39   corr 0.757 -> 0.765

## evening 16-19 UTC (footprint MAE / bias, cvA -> cvB)
  MAE 37.12 -> 36.54   bias -15.85 -> -15.17
