window 2024-07-01..2026-07-01: cv37 days 729, cv38 days 729, paired days 729, zones 38, paired cells 664076
       zone     n  energy_TWh  cv37_MAE  cv37_bias  cv37_corr  cv38_MAE  cv38_bias  cv38_corr   dMAE  dcorr
        DK2 17494      29.682    28.942    -13.335      0.703    26.402     -6.080      0.724 -2.540  0.022
   IT-SOUTH 17494      38.848    19.217    -13.162      0.778    17.462    -11.218      0.802 -1.755  0.024
IT-Calabria 17494      12.533    19.472    -14.214      0.762    17.972    -12.094      0.781 -1.500  0.019
  IT-Sicily 17494      33.743    20.953    -15.801      0.749    19.600    -13.826      0.763 -1.353  0.014
   IT-NORTH 17494     313.227    22.388    -16.025      0.763    21.511    -16.817      0.787 -0.877  0.024
  IT-CNORTH 17494      47.650    22.142    -15.166      0.742    21.275    -15.862      0.766 -0.867  0.025
IT-Sardinia 17494      15.865    21.347    -11.842      0.716    20.743    -11.345      0.718 -0.604  0.003
         LT 17494      24.248    37.685    -21.382      0.721    37.145    -18.482      0.713 -0.540 -0.008
         LV 17494      14.573    37.862    -22.356      0.722    37.341    -19.712      0.714 -0.520 -0.008
         SI 17110      25.024    26.637    -15.137      0.763    26.272    -12.944      0.755 -0.364 -0.009
         EE 17494      15.939    37.805    -16.609      0.723    37.450    -13.781      0.718 -0.355 -0.005
  IT-CSOUTH 17494      96.760    16.568     -8.387      0.793    16.251     -9.419      0.815 -0.317  0.022
         HU 17494      87.292    33.255    -21.498      0.706    32.979    -19.388      0.695 -0.275 -0.011
         PL 17494     319.717    25.708    -11.677      0.790    25.536    -10.506      0.788 -0.172 -0.002
         PT 17494     105.825    23.677      2.490      0.781    23.530      2.666      0.779 -0.147 -0.001
         RS 17446      68.795    30.804      0.527      0.624    30.661      1.238      0.629 -0.143  0.005
         GR 17470     100.426    23.271    -10.641      0.799    23.130     -9.698      0.798 -0.141 -0.001
         SK 17494      51.849    27.706    -14.831      0.778    27.583    -12.585      0.768 -0.124 -0.010
         FR 17494     866.571    20.853      5.249      0.845    20.733      7.107      0.853 -0.120  0.008
         ES 17494     475.290    23.129      2.557      0.800    23.046      3.145      0.799 -0.083 -0.001
         AT 17494     118.789    21.279    -11.873      0.866    21.222     -9.547      0.847 -0.057 -0.018
         BG 17446      76.083    26.112     -8.245      0.759    26.081     -7.263      0.759 -0.031 -0.000
         RO 17494     107.057    27.092     -7.983      0.751    27.108     -6.801      0.750  0.016 -0.001
         FI 17494     169.949    25.486      5.171      0.806    25.533      5.569      0.806  0.048  0.001
        SE1 17470      21.777    22.063     13.693      0.746    22.130     14.008      0.750  0.067  0.004
        NO4 17494      40.175    24.075     18.992      0.705    24.234     19.243      0.700  0.160 -0.005
        SE2 17470      29.894    23.087     15.018      0.741    23.251     15.434      0.744  0.164  0.002
         CZ 17494     125.111    21.598     -6.806      0.832    21.775     -4.678      0.827  0.177 -0.005
        NO1 17494      69.859    26.558      3.006      0.546    26.779      4.211      0.544  0.221 -0.001
        SE3 17470     165.979    27.640     10.240      0.632    27.934     11.477      0.635  0.294  0.003
        NO5 17494      34.512    26.627      3.936      0.506    26.988      4.870      0.499  0.361 -0.007
        NO3 17494      57.667    29.816     18.399      0.552    30.230     19.050      0.548  0.413 -0.004
        NO2 17494      73.571    20.606      6.621      0.680    21.183      8.603      0.684  0.577  0.004
        DK1 17494      47.302    23.466      4.273      0.823    24.075      6.016      0.815  0.608 -0.007
         NL 17494     234.718    22.660     -0.141      0.797    23.360      1.455      0.788  0.700 -0.009
      DE_LU 17494     942.995    20.073      0.334      0.879    20.924      2.666      0.873  0.852 -0.006
         BE 17398     161.071    21.484      7.780      0.831    22.558     10.083      0.824  1.074 -0.007
        SE4 17470      42.916    29.956      7.229      0.514    31.212     11.002      0.513  1.256 -0.001

## FOOTPRINT (pooled cells / energy-weighted)
cv37: corr=0.772 MAE=25.24 ewMAE=23.43 bias=-3.99 | zones corr>=0.7: 31/38 | E@corr>=0.7: 90.2% E@corr>=0.75: 83.4% E@corr>=0.8: 46.2%
cv38: corr=0.775 MAE=25.08 ewMAE=23.48 bias=-2.48 | zones corr>=0.7: 30/38 | E@corr>=0.7: 88.6% E@corr>=0.75: 83.3% E@corr>=0.8: 48.8%
cells changed: 257695 of 664076 (38.8%), mean |Δ| where changed 7.52, max |Δ| 172.9

## by calendar year (footprint MAE / corr, cvA -> cvB)
  2024: n=166776  MAE 28.76 -> 29.05   corr 0.731 -> 0.728
  2025: n=332544  MAE 22.96 -> 22.75   corr 0.814 -> 0.818
  2026: n=164756  MAE 26.27 -> 25.78   corr 0.745 -> 0.751

## evening 16-19 UTC (footprint MAE / bias, cvA -> cvB)
  MAE 36.15 -> 35.60   bias -15.23 -> -14.34
