window 2024-07-01..2026-07-01: cv37 days 729, cv39 days 729, paired days 729, zones 39, paired cells 681570
       zone     n  energy_TWh  cv37_MAE  cv37_bias  cv37_corr  cv39_MAE  cv39_bias  cv39_corr   dMAE  dcorr
        DK2 17494      29.682    28.942    -13.335      0.703    26.042     -7.240      0.734 -2.900  0.032
   IT-SOUTH 17494      38.848    19.217    -13.162      0.778    17.617    -11.461      0.800 -1.600  0.022
IT-Calabria 17494      12.533    19.472    -14.214      0.762    18.091    -12.282      0.779 -1.382  0.017
  IT-Sicily 17494      33.743    20.953    -15.801      0.749    19.820    -13.871      0.738 -1.133 -0.011
  IT-CNORTH 17494      47.650    22.142    -15.166      0.742    21.405    -15.996      0.768 -0.736  0.026
   IT-NORTH 17494     313.227    22.388    -16.025      0.763    21.674    -16.938      0.791 -0.714  0.027
         LT 17494      24.248    37.685    -21.382      0.721    37.137    -18.925      0.716 -0.548 -0.004
         LV 17494      14.573    37.862    -22.356      0.722    37.326    -20.110      0.718 -0.536 -0.004
IT-Sardinia 17494      15.865    21.347    -11.842      0.716    20.842    -11.436      0.718 -0.505  0.002
         EE 17494      15.939    37.805    -16.609      0.723    37.403    -14.146      0.721 -0.403 -0.001
         RS 17446      68.795    30.804      0.527      0.624    30.606      0.437      0.629 -0.198  0.005
  IT-CSOUTH 17494      96.760    16.568     -8.387      0.793    16.433     -9.582      0.811 -0.135  0.018
         PL 17494     319.717    25.708    -11.677      0.790    25.606    -11.536      0.793 -0.101  0.002
         BG 17446      76.083    26.112     -8.245      0.759    26.013     -8.041      0.761 -0.098  0.002
        DK1 17494      47.302    23.466      4.273      0.823    23.373      4.272      0.821 -0.093 -0.002
         PT 17494     105.825    23.677      2.490      0.781    23.597      2.403      0.779 -0.081 -0.001
         RO 17494     107.057    27.092     -7.983      0.751    27.017     -7.829      0.752 -0.074  0.001
         HU 17494      87.292    33.255    -21.498      0.706    33.184    -21.413      0.708 -0.070  0.002
         GR 17470     100.426    23.271    -10.641      0.799    23.207    -10.009      0.799 -0.064 -0.000
         AT 17494     118.789    21.279    -11.873      0.866    21.218    -11.775      0.867 -0.061  0.001
         CZ 17494     125.111    21.598     -6.806      0.832    21.540     -6.730      0.834 -0.059  0.002
         SK 17494      51.849    27.706    -14.831      0.778    27.662    -14.754      0.779 -0.044  0.001
         NL 17494     234.718    22.660     -0.141      0.797    22.624     -0.009      0.797 -0.036  0.000
         FR 17494     866.571    20.853      5.249      0.845    20.818      5.550      0.846 -0.036  0.001
         SI 17110      25.024    26.637    -15.137      0.763    26.612    -15.071      0.764 -0.025  0.001
      DE_LU 17494     942.349    20.073      0.334      0.879    20.051      0.407      0.881 -0.021  0.002
         ES 17494     475.290    23.129      2.557      0.800    23.117      2.848      0.799 -0.011 -0.001
         CH 17494     123.054    23.888    -12.421      0.820    23.894    -12.418      0.824  0.005  0.004
        NO1 17494      69.859    26.558      3.006      0.546    26.569      3.631      0.549  0.011  0.003
         FI 17494     169.949    25.486      5.171      0.806    25.498      5.386      0.808  0.013  0.002
         BE 17398     161.071    21.484      7.780      0.831    21.524      7.893      0.830  0.040 -0.001
        SE1 17470      21.777    22.063     13.693      0.746    22.106     13.903      0.749  0.043  0.003
        SE3 17470     165.979    27.640     10.240      0.632    27.702     10.970      0.639  0.062  0.007
        SE2 17470      29.894    23.087     15.018      0.741    23.217     15.316      0.743  0.129  0.002
        NO4 17494      40.175    24.075     18.992      0.705    24.224     19.179      0.699  0.149 -0.006
        NO5 17494      34.512    26.627      3.936      0.506    26.800      4.517      0.504  0.173 -0.003
        NO2 17494      73.571    20.606      6.621      0.680    20.780      7.432      0.684  0.174  0.004
        NO3 17494      57.667    29.816     18.399      0.552    30.028     18.748      0.550  0.212 -0.002
        SE4 17470      42.916    29.956      7.229      0.514    30.924     10.362      0.513  0.968 -0.001

## FOOTPRINT (pooled cells / energy-weighted)
cv37: corr=0.773 MAE=25.20 ewMAE=23.45 bias=-4.20 | zones corr>=0.7: 32/39 | E@corr>=0.7: 90.5% E@corr>=0.75: 83.8% E@corr>=0.8: 47.4%
cv39: corr=0.778 MAE=24.96 ewMAE=23.32 bias=-3.54 | zones corr>=0.7: 31/39 | E@corr>=0.7: 89.7% E@corr>=0.75: 84.7% E@corr>=0.8: 49.2%
cells changed: 202725 of 681570 (29.7%), mean |Δ| where changed 6.56, max |Δ| 766.4

## by calendar year (footprint MAE / corr, cvA -> cvB)
  2024: n=171168  MAE 28.55 -> 28.54   corr 0.733 -> 0.734
  2025: n=341304  MAE 22.99 -> 22.70   corr 0.815 -> 0.822
  2026: n=169098  MAE 26.28 -> 25.88   corr 0.746 -> 0.751

## evening 16-19 UTC (footprint MAE / bias, cvA -> cvB)
  MAE 35.87 -> 35.43   bias -15.29 -> -14.58
