window 2024-07-01..2026-09-07: cv37 days 786, cv39 days 795, paired days 786, zones 39, paired cells 734808
       zone     n  energy_TWh  cv37_MAE  cv37_bias  cv37_corr  cv39_MAE  cv39_bias  cv39_corr   dMAE  dcorr
        DK2 18864      31.803    29.868    -14.840      0.720    27.042     -9.062      0.747 -2.826  0.027
   IT-SOUTH 18840      42.873    19.823    -13.451      0.796    18.368    -12.027      0.814 -1.454  0.017
IT-Calabria 18840      13.870    20.004    -14.428      0.788    18.776    -12.753      0.799 -1.228  0.011
  IT-Sicily 18840      37.205    21.984    -16.646      0.768    20.994    -14.982      0.756 -0.990 -0.012
  IT-CNORTH 18840      51.683    22.546    -15.363      0.771    21.904    -16.284      0.793 -0.642  0.022
         LT 18864      26.040    37.992    -20.851      0.716    37.477    -18.595      0.714 -0.515 -0.001
   IT-NORTH 18840     339.186    23.069    -16.420      0.781    22.578    -17.583      0.801 -0.491  0.020
         LV 18864      15.646    38.180    -21.729      0.719    37.705    -19.644      0.715 -0.475 -0.004
IT-Sardinia 18840      17.450    22.055    -12.527      0.739    21.610    -12.216      0.740 -0.445  0.001
         RS 18816      73.703    31.680     -0.314      0.613    31.300     -0.897      0.622 -0.380  0.009
         EE 18840      16.932    37.899    -14.321      0.715    37.526    -12.044      0.715 -0.373  0.000
         CH 18864     132.136    25.233    -14.393      0.813    24.988    -14.155      0.827 -0.245  0.015
        DK1 18864      50.565    24.492      2.168      0.822    24.271      2.195      0.824 -0.221  0.002
         RO 18864     114.604    28.800    -10.873      0.740    28.630    -10.582      0.743 -0.169  0.003
         PL 18864     343.028    26.796    -13.537      0.784    26.663    -13.342      0.788 -0.133  0.004
         BG 18816      81.356    27.538    -10.617      0.751    27.420    -10.454      0.754 -0.118  0.003
         HU 18864      93.564    34.590    -23.592      0.704    34.478    -23.451      0.708 -0.112  0.004
         AT 18864     127.130    23.055    -14.266      0.856    22.949    -14.114      0.860 -0.106  0.003
         CZ 18864     133.812    22.924     -9.067      0.827    22.829     -8.934      0.831 -0.096  0.004
         SK 18864      55.586    29.279    -17.241      0.773    29.193    -17.107      0.776 -0.087  0.004
  IT-CSOUTH 18840     105.517    17.336     -9.076      0.807    17.260    -10.313      0.822 -0.075  0.015
         SI 18480      26.974    28.435    -17.697      0.757    28.363    -17.573      0.761 -0.072  0.003
         PT 18864     114.109    24.092      1.036      0.798    24.043      0.868      0.796 -0.049 -0.002
      DE_LU 18864    1010.765    21.142     -1.918      0.873    21.100     -1.788      0.876 -0.042  0.003
         NL 18864     250.621    23.609     -2.334      0.800    23.579     -2.157      0.802 -0.030  0.002
         GR 18840     109.793    24.042    -11.675      0.802    24.022    -11.200      0.801 -0.020 -0.001
         FR 18864     926.821    21.748      3.120      0.853    21.731      3.428      0.854 -0.016  0.001
        NO1 18864      73.433    27.859      0.013      0.535    27.862      0.596      0.537  0.003  0.002
         BE 18768     173.091    22.639      4.776      0.818    22.646      4.971      0.819  0.007  0.001
         ES 18864     517.174    23.434      1.353      0.817    23.443      1.532      0.815  0.009 -0.002
         FI 18864     181.615    26.244      6.983      0.795    26.265      7.173      0.797  0.021  0.001
        SE1 18840      23.175    23.136     15.154      0.729    23.167     15.331      0.732  0.030  0.003
        SE3 18840     175.970    27.807      9.838      0.632    27.867     10.497      0.638  0.060  0.006
        NO4 18864      42.886    25.460     20.670      0.656    25.545     20.786      0.656  0.085 -0.001
        NO2 18864      78.475    21.415      4.299      0.703    21.518      5.096      0.706  0.104  0.004
        SE2 18840      31.677    24.005     16.189      0.729    24.133     16.450      0.731  0.128  0.002
        NO5 18864      36.870    27.504      1.118      0.512    27.658      1.663      0.508  0.154 -0.004
        NO3 18864      61.409    29.175     16.558      0.561    29.371     16.861      0.558  0.197 -0.003
        SE4 18840      45.455    31.122      6.042      0.508    32.010      8.925      0.506  0.888 -0.002

## FOOTPRINT (pooled cells / energy-weighted)
cv37: corr=0.775 MAE=26.10 ewMAE=24.28 bias=-5.32 | zones corr>=0.7: 32/39 | E@corr>=0.7: 91.2% E@corr>=0.75: 83.4% E@corr>=0.8: 61.2%
cv39: corr=0.781 MAE=25.85 ewMAE=24.16 bias=-4.73 | zones corr>=0.7: 32/39 | E@corr>=0.7: 91.2% E@corr>=0.75: 83.4% E@corr>=0.8: 67.8%
cells changed: 223863 of 734808 (30.5%), mean |Δ| where changed 6.61, max |Δ| 766.4

## by calendar year (footprint MAE / corr, cvA -> cvB)
  2024: n=171168  MAE 28.55 -> 28.54   corr 0.733 -> 0.734
  2025: n=341304  MAE 22.99 -> 22.70   corr 0.815 -> 0.822
  2026: n=222336  MAE 28.99 -> 28.62   corr 0.757 -> 0.763

## evening 16-19 UTC (footprint MAE / bias, cvA -> cvB)
  MAE 36.86 -> 36.44   bias -15.94 -> -15.41
