=== A. 2026-07 / 2026-08 per-zone bias / MAE (vs whole record) ===
              bias           MAE           act           sim          all
ym          202607 202608 202607 202608 202607 202608 202607 202608  bias
z                                                                        
SI           -41.2  -59.9   42.9   60.6  121.1  153.0   79.9   93.1 -17.7
HU           -42.5  -59.8   44.3   60.5  122.4  152.9   79.9   93.1 -23.6
SK           -38.7  -59.3   40.6   60.0  118.6  152.4   79.9   93.1 -17.2
RO           -40.2  -56.8   44.1   58.4  120.1  151.6   79.9   94.8 -10.9
AT           -36.7  -54.6   38.3   54.8  116.6  147.7   79.9   93.1 -14.3
BG           -31.2  -52.4   37.9   55.0  111.7  142.3   80.6   89.9 -10.6
CZ           -30.1  -47.5   32.8   48.4  110.0  140.5   79.9   93.0  -9.1
NO1          -30.9  -46.8   37.9   52.3   98.4  121.4   67.5   74.5   0.0
CH           -35.7  -44.3   39.8   45.5  116.7  140.7   81.0   96.4 -14.4
PL           -32.3  -43.5   36.2   46.3  112.2  136.5   79.9   93.0 -13.5
IT-Sicily    -18.9  -38.6   28.6   44.2  163.1  192.8  144.2  154.2 -16.6
BE           -29.4  -38.3   34.1   41.2  109.3  131.9   79.9   93.7   4.8
DK2          -31.0  -37.7   40.3   43.4  102.7  129.9   71.7   92.2 -14.8
NO5          -32.8  -37.2   35.1   42.9  100.2  112.4   67.4   75.2   1.1
DE_LU        -25.8  -36.6   31.2   39.2  105.7  129.6   79.9   93.0  -1.9
NL           -26.0  -35.6   32.1   40.1  105.9  128.7   79.9   93.0  -2.3
FR           -15.4  -34.4   28.0   39.5   95.3  126.7   79.9   92.3   3.1
GR           -17.5  -33.7   29.2   39.4  109.9  130.6   92.4   96.9 -11.7
DK1          -18.4  -32.7   33.7   41.9  102.0  128.6   83.5   95.9   2.2
NO2          -19.6  -32.3   26.6   38.0  103.9  130.5   84.3   98.1   4.3
IT-NORTH     -15.9  -28.4   28.3   36.6  156.3  173.9  140.5  145.5 -16.4
IT-Sardinia  -15.7  -28.3   28.5   34.8  154.4  175.3  138.7  147.0 -12.5
PT           -10.9  -25.8   24.1   35.6  107.1  124.4   96.2   98.5   1.0
IT-CNORTH    -13.7  -23.3   25.5   30.5  157.6  176.8  143.9  153.5 -15.4
IT-CSOUTH    -13.9  -22.9   25.1   30.1  157.5  176.8  143.6  153.9  -9.1
IT-SOUTH     -13.2  -22.9   25.2   30.1  156.8  176.8  143.6  153.9 -13.5
IT-Calabria  -12.6  -22.7   24.6   29.9  156.8  176.8  144.2  154.2 -14.4
ES            -7.8  -21.8   23.0   32.3  104.9  120.6   97.1   98.8   1.3
RS            -2.6  -20.9   38.6   47.9  109.3  138.6  106.7  117.7  -0.3
LT            -9.5  -20.4   37.3   46.8   75.4   80.7   65.9   60.2 -20.9
LV            -8.4  -20.0   38.3   47.1   74.5   80.6   66.1   60.6 -21.7
NO3           -0.2  -15.2   16.9   25.5   66.4   88.7   66.2   73.6  16.5
SE4           -5.9  -13.5   41.7   50.8   77.9   74.6   72.0   61.1   6.0
SE3            8.4   -0.0   22.4   38.8   48.4   61.0   56.9   61.0   9.8
EE            24.4    5.0   41.2   36.7   43.4   56.5   67.8   61.4 -14.3
FI            39.1   19.5   39.1   32.2   15.4   40.8   54.5   60.4   7.0
SE2           39.6   21.2   39.8   31.0   15.6   39.3   55.1   60.5  16.2
SE1           40.9   25.1   40.9   31.8   14.4   35.4   55.3   60.5  15.1
NO4           39.2   45.7   39.2   48.0   15.4   15.0   54.6   60.6  20.7

=== A2. DE_LU monthly vs rough CCGT SRMC (TTF/0.55 + 0.37*EUA + 4) ===
          act    sim  bias   MAE   ttf   eua  ccgt_srmc  act_minus_srmc  sim_minus_srmc
ym                                                                                     
202407   68.8   79.2  10.4  20.6  32.5  65.4       87.3           -18.5            -8.2
202408   81.6   80.8  -0.8  19.4  38.3  68.7       99.1           -17.5           -18.3
202409   78.8   77.5  -1.4  18.0  36.1  63.3       93.0           -14.2           -15.6
202410   86.6   87.3   0.7  16.6  40.4  62.1      100.5           -13.9           -13.2
202411  115.4  100.5 -14.9  22.9  44.6  65.5      109.4             6.0            -8.9
202412  104.5   99.9  -4.7  27.9  45.2  65.1      110.2            -5.7           -10.3
202501  114.9  109.2  -5.7  20.0  48.4  73.9      119.2            -4.3           -10.1
202502  129.9  118.1 -11.7  17.2  50.2  73.2      122.4             7.4            -4.3
202503   93.7   93.4  -0.3  21.3  41.8  66.4      104.6           -10.9           -11.1
202504   77.1   82.4   5.4  20.9  35.2  62.3       91.1           -14.0            -8.6
202505   66.4   78.5  12.1  22.5  35.2  68.0       93.1           -26.7           -14.6
202506   64.2   74.5  10.3  23.5  36.4  69.9       96.0           -31.8           -21.5
202507   87.4   84.8  -2.6  12.7  33.9  68.0       90.9            -3.5            -6.1
202508   78.3   79.4   1.1  15.0  32.7  68.8       88.9           -10.6            -9.5
202509   84.7   88.8   4.1  20.1  32.3  73.0       89.8            -5.1            -1.0
202510   84.5   86.0   1.6  17.7  31.9  75.6       90.0            -5.5            -4.0
202511  103.0  105.3   2.3  15.0  30.9  78.1       89.0            14.0            16.3
202512   93.7  105.2  11.6  14.8  27.6  80.8       84.1             9.5            21.1
202601  110.2  117.3   7.1  13.5  34.1  82.9       96.7            13.5            20.6
202602   96.5  105.6   9.1  11.7  32.5  70.7       89.3             7.2            16.4
202603   99.4   92.9  -6.5  25.8  52.9  66.0      124.5           -25.1           -31.6
202604   80.6   84.8   4.1  26.6  45.0  69.8      111.6           -31.0           -26.8
202605   95.6   89.1  -6.5  25.3  47.3  72.1      116.7           -21.1           -27.6
202606  110.9   92.8 -18.1  32.4  45.1  74.8      113.6            -2.7           -20.8
202607  105.7   79.9 -25.8  31.2  53.9  77.0      130.5           -24.8           -50.6
202608  129.6   93.0 -36.6  39.2  62.1  78.1      145.9           -16.3           -52.8

=== B. weekday vs weekend bias per zone (diff = weekday - weekend) ===
             weekday  weekend  diff
z                                  
HU             -29.5     -8.8 -20.7
LV             -27.3     -7.8 -19.5
LT             -26.4     -6.9 -19.5
EE             -19.4     -1.5 -17.9
RO             -15.9      1.8 -17.7
SK             -22.2     -4.7 -17.5
BG             -15.6      1.9 -17.4
RS              -5.2     12.1 -17.4
SI             -22.6     -5.3 -17.2
CZ             -12.6     -0.2 -12.4
PL             -17.0     -4.8 -12.2
AT             -17.7     -5.6 -12.1
SE4              2.8     14.2 -11.5
NL              -5.5      5.6 -11.1
DE_LU           -4.9      5.7 -10.6
SE3              6.8     17.4 -10.6
GR             -14.6     -4.2 -10.4
FI               4.2     14.1  -9.9
DK1             -0.3      8.4  -8.7
DK2            -17.1     -9.2  -7.9
BE               2.8      9.8  -7.1
CH             -16.2     -9.9  -6.3
SE1             13.4     19.5  -6.1
SE2             14.5     20.4  -5.9
NO2              2.9      7.9  -5.1
NO1             -1.1      2.9  -4.0
FR               2.2      5.4  -3.2
NO5              0.5      2.7  -2.2
NO4             20.4     21.5  -1.1
IT-Sicily      -16.7    -16.4  -0.3
PT               1.0      1.0   0.1
NO3             16.7     16.2   0.4
ES               1.5      1.0   0.5
IT-Calabria    -14.2    -15.0   0.8
IT-SOUTH       -12.8    -15.2   2.4
IT-Sardinia    -11.7    -14.5   2.8
IT-CSOUTH       -7.4    -13.1   5.7
IT-CNORTH      -11.8    -24.3  12.5
IT-NORTH       -12.7    -25.8  13.1

=== C. dispersion ratio sim_sd/act_sd, OLS slope act~sim, and intraday-range ratio ===
             sd_ratio  slope_act_on_sim  range_act  range_sim  range_ratio
z                                                                         
HU               0.41              1.72     194.40      78.93         0.41
NL               0.48              1.67     133.65      61.17         0.46
SK               0.48              1.61     158.80      71.82         0.45
PL               0.49              1.61     157.13      65.26         0.42
EE               0.49              1.47     158.35      69.68         0.44
SI               0.49              1.54     155.25      72.36         0.47
RS               0.49              1.24     164.40      87.67         0.53
LV               0.50              1.45     160.31      71.06         0.44
LT               0.50              1.44     160.29      73.10         0.46
DK1              0.51              1.62     123.30      66.65         0.54
CZ               0.54              1.52     136.93      71.77         0.52
NO2              0.55              1.28      62.46      45.12         0.72
DE_LU            0.56              1.57     131.36      72.10         0.55
RO               0.58              1.27     193.12     126.26         0.65
BE               0.60              1.37     118.83      75.20         0.63
DK2              0.60              1.20     127.58      71.45         0.56
AT               0.61              1.40     115.12      73.12         0.64
FI               0.62              1.28      78.83      53.31         0.68
SE3              0.63              1.00      73.22      51.69         0.71
NO1              0.64              0.83      56.04      49.33         0.88
NO5              0.66              0.78      36.92      41.06         1.11
CH               0.66              1.23      86.20      68.43         0.79
BG               0.67              1.12     184.29     138.09         0.75
FR               0.68              1.25      99.82      84.27         0.84
NO3              0.72              0.78      30.51      39.55         1.30
NO4              0.73              0.89      19.95      29.76         1.49
SE2              0.78              0.94      34.17      33.37         0.98
SE1              0.78              0.93      33.13      32.83         0.99
GR               0.80              1.01     175.05     147.45         0.84
SE4              0.83              0.61     103.85      70.70         0.68
IT-Sicily        0.94              0.81      96.44      82.32         0.85
IT-Sardinia      1.03              0.71      97.80     104.18         1.07
IT-CSOUTH        1.04              0.78      84.85      86.38         1.02
PT               1.05              0.76      95.85     135.77         1.42
IT-Calabria      1.05              0.75      87.51      82.04         0.94
ES               1.05              0.78      99.48     135.20         1.36
IT-SOUTH         1.11              0.72      87.95      94.99         1.08
IT-CNORTH        1.16              0.67      81.58      85.54         1.05
IT-NORTH         1.20              0.65      73.34      84.60         1.15

=== D. day-level common residual factor (PC1, 31% var): correlations ===
pc1         1.00
dow        -0.31
ttf         0.32
eua         0.29
ttf_chg5    0.07
load        0.40
act         0.86
pc1_lag1    0.69
PC1 mean by dow: {0: 19.0, 1: 23.8, 2: 28.0, 3: 16.6, 4: 0.1, 5: -35.6, 6: -52.9}

=== E. When settled<=5: model price distribution per zone (n, sim mean, p10, p50, p90) ===
        count  mean   10%   50%    90%
z                                     
NO4    7389.0  30.2  20.9  29.6   39.0
SE2    7027.0  24.3   1.0  23.3   38.9
SE1    6054.0  23.0   1.0  22.8   37.5
FI     5052.0  22.4   5.2  21.0   39.4
ES     3378.0   9.6   1.0   4.8   23.8
NO3    3169.0  42.4  23.2  34.2   81.9
PT     3047.0  10.8   1.0   4.7   38.6
SE3    3018.0  41.5  20.0  33.5   82.6
SE4    2805.0  34.7  13.4  31.1   58.8
FR     2439.0  26.7   6.9  26.0   47.6
EE     2113.0  28.2   7.7  23.9   52.1
DK1    1820.0  38.7   9.5  39.9   60.3
NL     1782.0  35.0   6.6  35.1   58.5
LT     1760.0  25.1   4.9  23.2   47.0
LV     1737.0  25.0   5.0  22.8   46.3
BE     1658.0  31.8   5.5  30.5   57.0
DK2    1618.0  28.3   5.0  28.8   50.1
GR     1560.0   7.8   1.0   1.0   21.9
DE_LU  1474.0  27.2   5.0  25.1   55.4
PL     1229.0  34.1   5.0  32.7   63.0
CZ     1202.0  28.9   5.0  25.1   57.0
SK     1130.0  28.9   5.0  24.9   57.0
HU     1084.0  29.1   5.0  24.9   57.0
SI     1038.0  28.6   5.0  23.8   57.0
RO     1017.0  27.4   5.0  16.1   59.7
BG     1015.0  20.8   3.2   9.5   57.0
NO1     984.0  49.8  23.7  41.1   85.7
NO5     961.0  49.7  24.8  40.7   84.6
CH      944.0  23.2   5.0  16.4   51.0
AT      836.0  17.6   3.8   9.5   48.8
RS      756.0  56.5   5.7  57.0  106.0
NO2     599.0  39.4  22.2  36.2   65.2

=== E2. settled<=5 hours: by month (footprint count) and Nordic share ===
ym          202407  202408  202409  202410  202411  202412  202501  202502  202503  202504  202505  202506  202507  202508  202509  202510  202511  202512  202601  202602  202603  202604  202605  202606  202607  202608
all           2472    4165    3156    3374    1973    1802    1741    1160    3680    4788    5666    6400    2921    4902    3056    2933     983    1125     237    1198    2023    3663    3544    2381    2179    1914
nordic        1196    3193    1856    2398    1632    1490    1417    1128    2413    2351    2889    3571    1974    2889    1683    2063     744     897      30       0     616     927     767     665     752     955
nordic_hit     274     926     593     851       0       0       0       0       1       0      16      27      10      15      41       2       0       0       0       0       2      38      23       8      12       0

=== F. Spread vs DE_LU (zone - DE_LU), settled vs model, by hour block ===
          sa_00-05  sa_06-09  sa_10-13  sa_14-16  sa_17-20  sa_21-23  ss_00-05  ss_06-09  ss_10-13  ss_14-16  ss_17-20  ss_21-23
z                                                                                                                               
AT             8.5       7.6      14.1      15.5       4.6       8.2      -2.8      -1.5      -4.3      -1.7      -3.7      -2.9
BE            -7.8      -3.3      -2.3     -12.6      -8.1      -2.6       0.1       0.2       0.3       0.5       2.1       0.8
CH             9.6      10.4      18.7       7.2      -6.2      10.0      -5.8      -2.2      -2.0      -5.4      -5.0      -3.7
CZ             6.2       6.0      11.1      13.0       7.0       5.0       0.3       0.9       1.3       1.0       0.4       0.2
DK1           -8.2      -6.1       0.3      -7.8     -10.2      -6.9      -2.2      -3.0       0.6      -3.9      -4.4      -2.4
DK2           -9.4      -3.0       3.7      -3.6      -8.9      -9.1     -26.0     -15.3      -6.5     -12.8     -19.5     -25.9
EE           -24.6      -2.4      16.7       8.6     -19.4     -35.2     -31.5     -18.3      -5.5     -13.9     -27.9     -36.3
FR           -32.1     -20.9     -14.2     -41.7     -33.0     -19.3     -27.0     -17.8     -23.1     -34.7     -13.6     -14.3
HU            13.0       9.5      16.4      46.3      48.9      16.0       0.9       0.3       1.2       4.0       4.9       0.4
IT-NORTH      24.3      38.0      51.7      30.9      12.4      24.8       6.6      21.0      21.8      20.5      17.8       9.2
LT           -14.5       2.1      19.0      13.9      -8.5     -23.2     -29.9     -18.2      -6.5     -12.3     -25.2     -34.5
LV           -14.9       1.5      19.2      14.0      -8.3     -23.3     -31.1     -18.7      -6.6     -13.4     -27.0     -35.8
NL            -2.1      -0.6      -2.3      -3.9      -1.4       0.3      -0.2      -1.8      -0.1      -6.2      -5.5      -0.0
NO2          -24.5     -14.6       6.7     -23.4     -46.7     -23.9     -18.6     -11.1      -1.6     -15.7     -23.5     -18.2
PL             9.7       6.3      17.1      27.7      19.7       7.8       3.0       0.6       6.1       3.4      -0.5       1.9
RO            12.9       4.5      18.2      49.0      47.4      15.3       6.2       3.2       4.2      29.8      38.6       8.4
SE4          -38.5     -20.8      -5.6     -24.8     -42.7     -40.2     -32.1     -13.1      -2.8     -14.8     -26.9     -34.6
SI             9.8       7.7      17.3      30.0      23.9      10.7       0.0      -0.1       0.3       0.5       0.4       0.1
SK            10.0       8.6      15.7      27.6      24.2      11.3      -0.0      -0.0       0.4       0.3       0.2       0.1

=== F2. hub-level vs spread error decomposition (17-20 UTC): r_zone = r_hub + (spread error) ===
          r_zone  r_hub  spread_err  corr_spread
z                                               
AT         -28.8  -20.5        -8.3          0.4
BE         -10.4  -20.6        10.2          0.1
CH         -19.2  -20.5         1.2          0.3
CZ         -27.1  -20.5        -6.6          0.2
DK1        -14.6  -20.5         5.9          0.3
DK2        -31.0  -20.5       -10.6          0.3
EE         -29.0  -20.4        -8.5          0.5
FR          -1.1  -20.5        19.4          0.5
HU         -64.4  -20.5       -44.0          0.2
IT-NORTH   -14.9  -20.3         5.4          0.1
LT         -37.1  -20.5       -16.6          0.5
LV         -39.1  -20.5       -18.7          0.5
NL         -24.6  -20.5        -4.2          0.1
NO2          2.7  -20.5        23.2          0.4
PL         -40.6  -20.5       -20.2          0.4
RO         -29.2  -20.5        -8.8          0.4
SE4         -4.6  -20.4        15.8          0.4
SI         -44.3  -20.8       -23.5          0.1
SK         -44.5  -20.5       -24.0          0.2

=== G. settled<0 hours: model mean and settled mean by zone (n>300) ===
          n   act   sim  act_p10
z                               
ES     1321  -1.4   4.3     -4.0
SE2    1262  -2.0  19.2     -3.5
FR     1158  -9.9  20.6    -25.6
NL     1157 -14.5  29.6    -33.1
BE      996 -16.6  26.0    -39.4
FI      970  -1.5  18.1     -4.5
SE1     969  -2.6  17.2     -6.9
DE_LU   943 -16.9  21.6    -47.8
SE4     874  -2.5  28.0     -6.0
SE3     838  -2.4  39.6     -5.3
DK1     816  -4.3  30.8    -13.1
PT      796  -1.0   3.6     -2.5
PL      722 -18.6  27.7    -49.0
CZ      714 -18.6  21.7    -45.6
CH      653 -23.6  19.9    -60.0
SK      644 -18.7  22.3    -45.0
AT      586 -21.4  14.1    -54.1
HU      582 -21.9  21.8    -49.3
SI      561 -19.7  22.2    -48.6
GR      544  -3.0   2.6     -6.8
DK2     499  -3.7  22.2    -10.0
NO4     443  -4.0  30.7    -13.8
RO      398  -9.5  15.4    -27.7
EE      350  -2.0  20.0     -6.1
LT      347  -2.6  16.0     -7.0
BG      346  -8.8  11.5    -25.2
LV      326  -2.4  15.9     -6.8

=== H. Spike anatomy (settled>=200): hub DE_LU settled at the same hour, and model ===
                n    act    sim  hub_act  hub_sim    hr
z                                                      
HU           1389  294.7  138.9    176.5    131.5  17.0
RO           1354  297.3  182.8    173.2    130.1  17.0
LT           1241  272.3  123.8    160.1    127.8  14.0
LV           1240  272.0  122.5    159.8    127.7  14.0
BG           1179  293.4  187.0    169.8    130.1  17.0
EE           1167  272.5  122.0    152.3    125.4  14.0
RS           1076  282.1  160.1    179.7    132.5  17.0
SK            992  268.0  138.0    191.2    137.6  17.0
GR            887  278.3  188.3    169.3    128.4  17.0
PL            855  263.7  138.5    193.9    138.5  17.0
SI            801  274.7  143.3    208.3    143.1  17.0
IT-Sicily     670  237.4  177.4    168.2    122.5  18.0
CZ            533  263.7  153.0    237.6    153.4  17.0
AT            470  251.3  154.3    246.0    159.2  16.0
DK2           464  275.2  136.5    252.2    158.0  17.0
DE_LU         427  267.1  160.3    267.1    160.3  17.0
IT-CNORTH     423  223.2  196.0    203.4    137.3  18.0
FI            420  270.9  136.9    142.4    125.4  10.0
IT-CSOUTH     418  223.2  204.2    201.0    136.1  18.0
IT-SOUTH      410  223.0  201.1    199.6    135.3  18.0
DK1           396  275.9  150.2    267.4    159.5  17.0
IT-Sardinia   395  223.9  198.6    202.1    136.8  18.0
IT-Calabria   379  220.9  192.8    188.2    131.1  18.0
NL            363  272.0  131.2    269.4    160.0  17.0
SE4           297  262.6  138.2    266.8    161.2  16.0
IT-NORTH      295  220.6  204.2    222.6    146.4  17.0
BE            230  271.1  168.1    291.4    162.9  17.0

=== I. bias/MAE by decile of LOAD ANOMALY vs trailing-8-week same zone/hour/dow median (0=lowest) ===
ldec       0.0       1.0       2.0       3.0       4.0       5.0       6.0       7.0       8.0       9.0
bias      0.04     -3.38     -3.81     -4.72     -5.34     -5.86     -6.95     -8.08     -7.63     -8.39
MAE      24.96     24.73     25.05     25.63     25.53     25.66     26.42     27.25     27.59     26.63
n     71475.00  71475.00  71474.00  71475.00  71474.00  71475.00  71474.00  71475.00  71474.00  71475.00
anom     -0.21     -0.11     -0.07     -0.04     -0.01      0.01      0.04      0.07      0.12      0.25
