=== COVERAGE === 734562 cells 39 zones 786 days 2024-07-01 00:00:00 2026-08-26 21:00:00

=== FOOTPRINT (all cells, energy-weighted wMAE by actual load) ===
n           734562.000
MAE             26.099
wMAE            24.284
bias            -5.322
RMSE            39.777
corr             0.775
act_mean        88.164
act_sd          61.639
sim_sd          41.623
p90ae           53.730

=== PER ZONE (sorted by MAE) ===
                   n    MAE   wMAE   bias   RMSE  corr  act_mean  act_sd  sim_sd  p90ae
z                                                                                      
LV           18862.0  38.18  39.69 -21.73  57.81  0.72     90.75   73.39   36.44  81.61
LT           18862.0  37.97  40.29 -20.88  57.44  0.72     90.88   73.41   36.74  80.31
EE           18838.0  37.90  39.21 -14.33  56.19  0.72     83.25   73.87   35.94  77.94
HU           18862.0  34.59  37.34 -23.59  64.11  0.70    117.07   77.53   31.71  70.04
RS           18814.0  31.68  32.98  -0.31  52.48  0.61    110.39   65.68   32.51  70.86
SE4          18838.0  31.11  30.92   6.02  50.93  0.51     64.28   55.03   45.66  62.57
DK2          18862.0  29.87  29.36 -14.84  43.15  0.72     88.27   57.52   34.52  58.82
SK           18862.0  29.28  30.58 -17.24  47.52  0.77    109.03   63.39   30.51  62.76
NO3          18862.0  29.17  28.63  16.55  36.58  0.56     38.04   38.65   27.83  61.89
RO           18862.0  28.80  30.73 -10.87  53.97  0.74    116.51   76.51   44.49  58.61
SI           18478.0  28.44  29.71 -17.70  47.15  0.76    109.66   62.05   30.61  57.07
NO1          18862.0  27.85  26.47   0.02  36.29  0.54     65.29   42.63   27.40  59.76
SE3          18838.0  27.80  27.10   9.83  37.19  0.63     49.20   46.29   29.37  60.89
BG           18814.0  27.54  28.82 -10.61  49.47  0.75    113.22   72.64   48.79  58.49
NO5          18862.0  27.50  27.13   1.13  34.81  0.51     59.09   39.93   26.23  57.62
PL           18862.0  26.80  27.96 -13.54  42.24  0.78    107.63   58.11   28.24  57.57
FI           18862.0  26.24  26.50   6.99  36.97  0.80     45.19   57.55   35.75  50.99
NO4          18862.0  25.46  25.52  20.67  29.68  0.66     17.46   28.08   20.59  39.68
CH           18862.0  25.23  25.47 -14.39  31.51  0.81    101.92   46.55   30.78  47.17
DK1          18862.0  24.48  24.88   2.15  36.40  0.82     87.03   55.92   28.39  51.39
PT           18862.0  24.09  24.80   1.03  32.97  0.80     70.62   50.46   52.91  53.87
GR           18838.0  24.04  25.43 -11.68  40.51  0.80    106.52   64.87   51.69  50.72
SE2          18838.0  24.01  24.14  16.19  29.23  0.73     24.28   35.44   27.63  45.62
NL           18862.0  23.61  23.97  -2.34  37.85  0.80     91.90   55.48   26.52  50.43
ES           18862.0  23.43  23.97   1.34  31.88  0.82     70.07   51.12   53.80  52.04
SE1          18838.0  23.13  22.92  15.15  28.39  0.73     24.35   34.97   27.40  44.32
IT-NORTH     18814.0  23.06  23.16 -16.40  29.65  0.78    123.49   32.92   39.37  43.89
AT           18862.0  23.06  23.93 -14.27  32.66  0.86    103.05   51.37   31.36  47.33
CZ           18862.0  22.93  23.56  -9.07  36.33  0.83    101.38   55.90   30.39  49.76
BE           18766.0  22.64  22.87   4.78  33.00  0.82     87.40   52.96   31.59  47.34
IT-CNORTH    18814.0  22.53  22.87 -15.36  29.86  0.77    124.93   34.30   39.71  45.26
IT-Sardinia  18814.0  22.04  22.95 -12.50  32.39  0.74    120.37   40.59   41.93  49.96
IT-Sicily    18814.0  21.97  23.35 -16.62  31.94  0.77    125.14   40.96   38.65  48.95
FR           18862.0  21.75  21.10   3.12  28.03  0.85     66.57   50.65   34.45  43.22
NO2          18862.0  21.42  21.39   4.30  30.66  0.70     72.42   41.69   22.83  43.03
DE_LU        18862.0  21.14  21.54  -1.92  32.32  0.87     93.57   55.49   30.84  45.53
IT-Calabria  18814.0  19.99  21.87 -14.41  28.54  0.79    122.51   36.70   38.59  43.71
IT-SOUTH     18814.0  19.79  20.62 -13.46  28.67  0.80    122.56   37.11   41.37  43.13
IT-CSOUTH    18814.0  17.32  18.21  -9.05  24.32  0.81    124.05   35.54   36.96  37.66

=== ZONE SHARE OF TOTAL |err| (unweighted, load-weighted) ===
               MAE   bias  corr  share_AE%  share_wAE%
z                                                     
DE_LU        21.14  -1.92  0.87       2.08       15.51
FR           21.75   3.12  0.85       2.14       13.93
ES           23.43   1.34  0.82       2.30        8.83
PL           26.80 -13.54  0.78       2.64        6.83
IT-NORTH     23.06 -16.40  0.78       2.26        5.59
NL           23.61  -2.34  0.80       2.32        4.26
FI           26.24   6.99  0.80       2.58        3.43
SE3          27.80   9.83  0.63       2.73        3.40
BE           22.64   4.78  0.82       2.22        2.82
RO           28.80 -10.87  0.74       2.83        2.51
HU           34.59 -23.59  0.70       3.40        2.49
CH           25.23 -14.39  0.81       2.48        2.40
CZ           22.93  -9.07  0.83       2.26        2.24
AT           23.06 -14.27  0.86       2.27        2.17
PT           24.09   1.03  0.80       2.37        2.01
GR           24.04 -11.68  0.80       2.36        1.99
RS           31.68  -0.31  0.61       3.11        1.73
BG           27.54 -10.61  0.75       2.70        1.67
NO1          27.85   0.02  0.54       2.74        1.38
IT-CSOUTH    17.32  -9.05  0.81       1.70        1.37
NO3          29.17  16.55  0.56       2.87        1.25
SK           29.28 -17.24  0.77       2.88        1.21
NO2          21.42   4.30  0.70       2.11        1.20
SE4          31.11   6.02  0.51       3.06        1.00
DK1          24.48   2.15  0.82       2.41        0.90
IT-CNORTH    22.53 -15.36  0.77       2.21        0.84
NO4          25.46  20.67  0.66       2.50        0.78
LT           37.97 -20.88  0.72       3.74        0.75
NO5          27.50   1.13  0.51       2.71        0.71
DK2          29.87 -14.84  0.72       2.94        0.66
IT-SOUTH     19.79 -13.46  0.80       1.94        0.63
IT-Sicily    21.97 -16.62  0.77       2.16        0.62
SI           28.44 -17.70  0.76       2.74        0.57
SE2          24.01  16.19  0.73       2.36        0.54
EE           37.90 -14.33  0.72       3.72        0.47
LV           38.18 -21.73  0.72       3.76        0.44
SE1          23.13  15.15  0.73       2.27        0.38
IT-Sardinia  22.04 -12.50  0.74       2.16        0.28
IT-Calabria  19.99 -14.41  0.79       1.96        0.22

=== PER HOUR (UTC), footprint ===
          n    MAE   wMAE   bias  corr  act_mean
hr                                              
0   30610.0  19.18  17.89  -2.60  0.81     78.71
1   30610.0  18.83  17.73  -2.34  0.81     76.63
2   30610.0  18.96  18.02  -2.03  0.80     76.39
3   30610.0  19.81  18.61  -3.66  0.79     80.25
4   30610.0  23.61  21.77  -8.16  0.77     90.02
5   30610.0  27.94  25.80 -11.90  0.76     99.66
6   30610.0  28.52  26.00 -10.95  0.79    100.54
7   30610.0  27.26  24.54  -4.99  0.79     90.47
8   30610.0  26.26  23.81  -0.24  0.73     76.77
9   30610.0  25.12  22.95   1.41  0.72     66.62
10  30610.0  25.24  23.44   3.27  0.76     59.90
11  30610.0  25.75  24.11   4.00  0.75     56.66
12  30610.0  25.61  23.93   3.30  0.76     57.99
13  30610.0  25.04  23.32   0.85  0.79     65.08
14  30610.0  26.08  23.92  -3.22  0.79     78.56
15  30610.0  28.70  25.92  -9.20  0.77     97.96
16  30610.0  34.70  30.63 -16.34  0.71    117.73
17  30610.0  41.12  36.23 -20.02  0.65    132.47
18  30610.0  40.15  35.83 -16.96  0.65    131.85
19  30610.0  31.47  29.16 -10.45  0.70    116.43
20  30610.0  25.05  23.52  -6.46  0.77    103.00
21  30610.0  21.21  19.44  -4.03  0.81     92.95
22  30571.0  20.68  19.12  -3.55  0.81     86.92
23  30571.0  20.06  18.60  -3.47  0.81     82.39

=== PER MONTH, footprint ===
              n    MAE   wMAE   bias  corr  act_mean  act_sd  sim_sd
ym                                                                  
202407  29016.0  29.94  26.63  -1.02  0.68     77.03   71.01   33.15
202408  29016.0  30.84  27.48  -3.23  0.72     81.73   66.55   38.43
202409  28080.0  28.77  24.83  -2.62  0.68     74.85   66.59   37.07
202410  28896.0  25.91  21.60   3.20  0.73     75.61   54.81   36.96
202411  27144.0  27.58  26.15 -13.06  0.78    102.80   71.36   42.41
202412  29016.0  28.21  27.13 -10.21  0.77     98.76   74.46   45.76
202501  28992.0  25.12  22.50  -7.57  0.84    103.09   61.59   42.20
202502  26184.0  27.21  22.05 -12.20  0.80    118.03   60.86   42.20
202503  29016.0  25.29  22.50  -1.98  0.81     82.61   57.29   35.45
202504  28080.0  23.54  23.25   1.72  0.80     67.68   52.28   31.76
202505  28992.0  24.07  27.25   3.48  0.80     62.94   52.59   33.66
202506  28056.0  23.92  24.61   3.99  0.83     65.04   54.62   38.25
202507  28992.0  19.70  17.93  -1.43  0.83     73.81   49.90   35.81
202508  29016.0  22.77  19.91  -4.19  0.78     72.01   49.49   35.87
202509  28056.0  22.96  22.26  -2.54  0.79     76.51   55.23   39.19
202510  28968.0  23.60  21.37  -9.60  0.77     83.96   58.86   37.40
202511  27984.0  20.55  19.26  -5.38  0.78     93.03   52.41   42.05
202512  28968.0  17.50  16.29  -4.44  0.83     88.15   42.13   40.81
202601  29016.0  24.39  21.19 -14.09  0.75    119.58   51.81   42.55
202602  26208.0  22.54  21.03  -3.73  0.69    101.94   52.62   36.91
202603  28920.0  28.76  28.54  -4.17  0.66     93.46   57.76   44.91
202604  28080.0  26.70  27.27  -0.75  0.81     79.92   58.67   37.76
202605  28992.0  25.77  24.53  -2.86  0.80     89.49   59.45   42.38
202606  27960.0  29.36  29.76  -9.10  0.72     95.72   68.25   44.09
202607  28992.0  33.67  31.26 -13.70  0.80    101.41   64.00   49.62
202608  23922.0  42.38  41.16 -26.97  0.80    122.12   71.35   52.47

=== PER DOW (0=Mon) ===
            n    MAE  bias  corr
dow                             
0    105528.0  27.46 -7.90  0.77
1    105744.0  27.92 -8.31  0.71
2    105556.0  27.89 -8.74  0.76
3    104616.0  26.83 -6.86  0.75
4    104630.0  25.14 -5.15  0.78
5    104760.0  23.45 -1.03  0.82
6    103728.0  23.94  0.86  0.81

=== BY SETTLED-PRICE REGIME (footprint) ===
                    n     MAE    bias  corr  act_mean  share_AE%
regime                                                          
(-1000, 0]    25979.0   28.34   28.33  0.14     -7.13       3.84
(0, 5]        47457.0   28.30   28.17  0.09      2.46       7.01
(5, 30]       88514.0   29.26   27.46  0.19     15.99      13.51
(30, 60]      74489.0   22.89   13.48  0.13     44.73       8.89
(60, 100]    164383.0   16.10   -4.39  0.32     83.52      13.80
(100, 150]   249856.0   20.80  -17.21  0.39    121.22      27.11
(150, 200]    64383.0   41.23  -34.04  0.23    168.14      13.85
(200, 300]    15584.0   84.30  -78.40  0.07    233.11       6.85
(300, 5000]    3917.0  251.43 -250.47  0.11    410.90       5.14

=== BY MODEL-PRICE REGIME (what the model says) ===
                    n     MAE    bias  act_mean  share_AE%
mregime                                                   
(-1000, 0]       82.0   72.41   68.64    -88.64       0.03
(0, 5]        19388.0   20.58   -6.99      9.90       2.08
(5, 30]       71677.0   21.72    1.99     18.11       8.12
(30, 60]     129577.0   28.08    8.04     37.37      18.98
(60, 100]    257649.0   23.93   -2.23     87.07      32.16
(100, 150]   221794.0   25.70  -17.31    131.96      29.74
(150, 200]    28539.0   46.63  -25.09    192.77       6.94
(200, 300]     5419.0   58.11   21.88    207.13       1.64
(300, 5000]     437.0  134.43  106.64    257.49       0.31

COLLAPSE settled<=5 vs sim<=5: settled n=73436 model n=19470 TP=12634 recall=0.17 precision=0.65
  per-zone settled count / recall (top 12 by settled count):
     settled   model      tp  recall  prec
z                                         
NO4     7389     0.0     0.0    0.00  0.00
SE2     7027  1342.0   901.0    0.13  0.67
SE1     6054  1330.0   909.0    0.15  0.68
FI      5052   572.0   473.0    0.09  0.83
ES      3378  2685.0  2205.0    0.65  0.82
NO3     3169    22.0    11.0    0.00  0.50
PT      3047  2636.0  2027.0    0.67  0.77
SE3     3018    75.0    41.0    0.01  0.55
SE4     2805   255.0   175.0    0.06  0.69
FR      2439   171.0   170.0    0.07  0.99
EE      2113   240.0   122.0    0.06  0.51
DK1     1820   123.0    97.0    0.05  0.79
  |err| share of FN cells: 10.1%  FP cells: 1.4%

NEG settled<0 vs sim<0: settled n=20644 model n=82 TP=80 recall=0.00 precision=0.98
  per-zone settled count / recall (top 12 by settled count):
       settled  model    tp  recall  prec
z                                        
ES        1321    0.0   0.0    0.00   0.0
SE2       1262    0.0   0.0    0.00   0.0
FR        1158    0.0   0.0    0.00   0.0
NL        1157    0.0   0.0    0.00   0.0
BE         996    1.0   1.0    0.00   1.0
FI         970    0.0   0.0    0.00   0.0
SE1        969    0.0   0.0    0.00   0.0
DE_LU      943   35.0  35.0    0.04   1.0
SE4        874    0.0   0.0    0.00   0.0
SE3        838    0.0   0.0    0.00   0.0
DK1        816    0.0   0.0    0.00   0.0
PT         796    0.0   0.0    0.00   0.0
  |err| share of FN cells: 3.2%  FP cells: 0.0%

SPIKE settled>=200 vs sim>=200: settled n=19768 model n=5856 TP=2452 recall=0.12 precision=0.42
  per-zone settled count / recall (top 12 by settled count):
           settled  model     tp  recall  prec
z                                             
HU            1389   50.0   39.0    0.03  0.78
RO            1354  577.0  332.0    0.25  0.58
LT            1241   14.0   14.0    0.01  1.00
LV            1240    9.0    9.0    0.01  1.00
BG            1179  604.0  316.0    0.27  0.52
EE            1167    9.0    9.0    0.01  1.00
RS            1076  235.0  115.0    0.11  0.49
SK             992   32.0   27.0    0.03  0.84
GR             887  593.0  267.0    0.30  0.45
PL             855    9.0    9.0    0.01  1.00
SI             801   32.0   26.0    0.03  0.81
IT-Sicily      670  282.0  152.0    0.23  0.54
  |err| share of FN cells: 11.3%  FP cells: 1.1%

HIGH settled>=150 vs sim>=150: settled n=84805 model n=34400 TP=27308 recall=0.32 precision=0.79
  per-zone settled count / recall (top 12 by settled count):
             settled  model    tp  recall  prec
z                                              
HU              4051    839   792    0.20  0.94
RO              3965   2610  2146    0.54  0.82
IT-Sicily       3857   1530  1378    0.36  0.90
IT-CNORTH       3755   2037  1618    0.43  0.79
BG              3722   2559  2032    0.55  0.79
IT-CSOUTH       3693   2051  1714    0.46  0.84
IT-Sardinia     3592   1541  1275    0.35  0.83
IT-SOUTH        3567   1759  1529    0.43  0.87
IT-Calabria     3521   1463  1289    0.37  0.88
IT-NORTH        3471   1796  1364    0.39  0.76
SK              3343    633   581    0.17  0.92
RS              3245   2048  1437    0.44  0.70
  |err| share of FN cells: 18.6%  FP cells: 1.5%

=== ZONE x HOUR-BLOCK BIAS (UTC) ===
blk          00-05  06-09  10-13  14-16  17-20  21-23
z                                                    
AT           -14.3   -8.6   -1.6  -20.4  -28.8  -13.2
BE             4.8    4.0   19.4   10.1  -10.4    1.2
BG            -9.3   -5.5   -3.8  -20.6  -18.4   -8.7
CH           -18.4  -11.9   -3.9  -15.7  -19.2  -15.8
CZ            -8.9   -4.5    7.0  -15.1  -27.1   -6.9
DE_LU         -3.0    0.6   16.8   -3.1  -20.5   -2.1
DK1            2.9    3.7   17.1    0.7  -14.6    2.4
DK2          -19.7  -11.6    6.6  -12.3  -31.0  -19.0
EE            -9.8  -15.3   -5.4  -25.6  -29.0   -3.2
ES            -1.4   -0.4   -9.7   -7.2   20.1    7.4
FI             8.0    1.5    8.4    3.4    7.8   13.0
FR             2.1    3.7    7.9    3.9   -1.1    2.8
GR           -12.5   -9.7  -10.2  -15.0  -12.6  -10.2
HU           -15.2   -8.6    1.6  -45.4  -64.4  -17.7
IT-CNORTH    -18.3  -13.9   -9.5  -11.9  -19.3  -17.4
IT-CSOUTH     -8.2  -14.5   -6.0   -9.4   -7.6   -9.2
IT-Calabria   -9.1  -21.1  -14.9  -18.1  -15.7   -9.9
IT-NORTH     -20.6  -16.3  -13.1  -13.4  -14.9  -17.6
IT-SOUTH      -9.0  -22.4  -16.6  -14.7  -10.1   -9.5
IT-Sardinia   -8.1  -19.6  -16.6  -17.0   -8.4   -7.4
IT-Sicily    -10.1  -21.3  -14.6  -19.6  -23.0  -14.6
LT           -18.4  -19.8   -8.7  -29.4  -37.1  -13.4
LV           -19.2  -19.6   -9.0  -30.5  -39.1  -14.6
NL            -1.2   -0.7   19.0   -5.4  -24.6   -2.5
NO1           -4.8    1.7    6.4    2.7   -0.3   -3.3
NO2            2.9    4.0    8.5    4.7    2.7    3.6
NO3           13.0   17.2   15.1   18.7   22.1   15.3
NO4           17.5   22.1   21.6   22.9   23.0   18.7
NO5           -2.6    1.4    2.3    2.9    4.8    0.1
PL            -9.7   -5.2    5.7  -27.3  -40.6   -8.1
PT            -2.8   -2.1  -10.8   -7.2   22.3    8.4
RO            -9.7   -0.7    2.8  -22.4  -29.2   -9.0
RS            -0.8   17.4   25.5  -18.9  -27.1   -3.1
SE1           13.6   15.1   18.2   13.8   15.5   15.1
SE2           14.4   15.8   18.9   15.4   17.1   16.3
SE3            9.1    8.4   16.1    8.3    6.2   11.2
SE4            3.4    8.3   19.6    6.8   -4.6    3.5
SI           -13.1   -7.5   -0.3  -32.7  -44.3  -13.0
SK           -13.1   -8.1    1.5  -30.4  -44.5  -13.3

=== ZONE x HOUR-BLOCK MAE (UTC) ===
blk          00-05  06-09  10-13  14-16  17-20  21-23
z                                                    
AT            18.5   23.0   23.7   27.7   30.5   16.9
BE            18.7   23.7   28.8   24.3   24.2   17.1
BG            18.2   28.3   25.8   38.7   41.1   18.4
CH            23.8   25.0   28.2   26.9   26.1   21.6
CZ            16.7   23.6   25.6   27.0   31.8   15.0
DE_LU         15.9   21.4   24.7   23.2   28.6   14.5
DK1           19.6   25.6   26.1   27.1   31.7   18.4
DK2           29.2   28.7   23.8   29.6   39.4   28.5
EE            33.2   39.3   33.3   46.8   47.7   29.8
ES            23.4   21.9   17.3   19.2   32.7   25.6
FI            22.7   30.3   25.9   30.3   28.6   21.1
FR            22.0   21.8   22.2   22.1   21.8   20.3
GR            18.4   22.9   19.8   31.5   37.5   17.1
HU            20.1   28.1   28.6   51.4   65.9   21.7
IT-CNORTH     19.8   23.8   18.9   23.2   31.8   18.3
IT-CSOUTH     12.1   19.3   16.3   19.5   26.6   11.8
IT-Calabria   12.9   24.1   22.2   22.6   28.1   12.4
IT-NORTH      21.2   25.7   20.8   24.1   28.3   18.1
IT-SOUTH      12.7   24.9   22.6   21.3   27.0   12.1
IT-Sardinia   14.2   26.5   28.6   26.2   26.9   12.5
IT-Sicily     13.6   24.6   22.5   24.4   33.4   16.7
LT            34.5   37.7   31.6   45.5   49.1   31.4
LV            34.4   37.7   31.7   45.8   50.3   31.3
NL            17.2   24.4   28.2   26.2   31.7   16.0
NO1           29.5   27.2   23.9   27.0   30.2   28.6
NO2           19.3   22.7   20.9   23.6   24.3   18.5
NO3           28.2   30.5   26.7   30.2   31.8   28.2
NO4           21.5   28.0   26.3   28.6   27.9   22.3
NO5           28.0   27.9   24.8   27.9   28.8   27.4
PL            17.9   25.4   27.8   33.8   43.7   15.6
PT            23.1   22.7   18.4   19.7   34.2   26.4
RO            18.4   27.5   26.0   40.5   47.3   18.8
RS            18.9   35.4   37.1   39.1   45.3   19.4
SE1           21.2   25.0   24.3   23.8   23.9   21.1
SE2           22.0   25.8   25.1   24.6   25.1   22.1
SE3           25.9   29.0   27.2   30.1   30.4   25.1
SE4           28.6   32.4   30.1   31.6   36.7   28.0
SI            19.0   26.0   27.6   39.1   45.9   17.9
SK            19.8   27.1   27.7   39.2   47.4   19.2

=== ZONE x SEASON BIAS ===
season        DJF   JJA   MAM   SON
z                                  
AT          -19.9 -14.8  -7.2 -15.1
BE            5.5  -1.9   6.2  11.5
BG           -7.2 -16.2  -7.8  -9.4
CH          -21.2  -8.7 -14.1 -15.6
CZ          -13.4 -11.3  -3.4  -7.5
DE_LU         1.0  -7.2   1.4  -1.2
DK1           3.8  -2.2   3.0   5.4
DK2         -12.5 -21.2 -11.8 -11.8
EE          -24.6  -6.9  -4.5 -24.0
ES            2.6 -11.5  24.8  -6.6
FI           -1.9  14.3  17.5  -4.7
FR           -4.5  -0.7  12.3   6.4
GR           -5.7 -14.6 -10.2 -15.4
HU          -24.8 -31.6 -10.8 -24.8
IT-CNORTH    -9.0 -22.3 -16.1 -11.8
IT-CSOUTH    -5.3 -12.4 -11.2  -6.2
IT-Calabria -17.4 -14.2 -13.2 -13.1
IT-NORTH    -11.8 -22.5 -16.9 -12.3
IT-SOUTH    -14.7 -13.7 -13.4 -11.9
IT-Sardinia -19.9  -9.5 -13.9  -7.6
IT-Sicily   -17.8 -17.7 -13.8 -16.9
LT          -25.9 -18.7 -12.1 -27.7
LV          -26.9 -19.4 -13.7 -27.9
NL           -2.0  -6.8   1.1  -0.2
NO1         -13.0   4.9  -3.5  10.0
NO2          -4.1   4.1   2.3  15.0
NO3          -1.6  25.1  12.9  26.9
NO4          12.1  26.3  21.6  20.7
NO5         -14.2  12.2  -3.5   6.4
PL          -10.9 -20.0  -9.3 -11.9
PT            3.4 -11.7  23.7  -7.5
RO           -7.5 -19.2  -5.7  -8.4
RS           -0.2   1.3   1.6  -4.5
SE1           5.8  19.7  25.8   7.6
SE2           6.7  18.9  27.4  10.6
SE3          -6.1  18.4  12.8  11.3
SE4           6.8   1.8   7.4   9.5
SI          -20.0 -23.6  -9.5 -15.8
SK          -24.3 -22.1  -6.5 -14.6

=== ZONE x SEASON MAE ===
season        DJF   JJA   MAM   SON
z                                  
AT           21.9  25.2  22.8  21.7
BE           19.5  26.5  23.3  19.9
BG           24.4  31.6  25.1  27.7
CH           23.3  27.2  28.3  21.5
CZ           19.1  25.9  24.9  20.8
DE_LU        17.6  23.9  23.7  18.4
DK1          22.3  26.8  24.5  23.5
DK2          26.0  35.4  30.1  26.1
EE           38.7  36.2  35.5  41.8
ES           25.3  22.2  27.9  18.6
FI           25.3  25.9  30.7  23.0
FR           16.6  24.8  25.3  19.1
GR           21.4  26.2  23.0  24.9
HU           28.5  41.8  31.6  34.1
IT-CNORTH    20.5  26.9  20.9  20.5
IT-CSOUTH    15.8  18.8  18.7  15.5
IT-Calabria  21.5  19.9  19.6  19.0
IT-NORTH     22.4  26.8  21.3  20.4
IT-SOUTH     20.5  19.8  19.6  19.3
IT-Sardinia  27.5  21.6  21.8  17.4
IT-Sicily    21.9  22.8  20.9  22.1
LT           39.3  37.8  33.5  41.4
LV           39.5  37.6  34.3  41.5
NL           19.6  26.4  26.5  20.9
NO1          22.7  35.4  20.0  30.9
NO2          22.0  24.2  16.9  21.7
NO3          25.0  32.3  26.4  32.0
NO4          24.8  27.4  26.1  22.9
NO5          23.2  32.9  20.8  31.4
PL           21.0  30.6  28.2  26.1
PT           27.3  22.9  27.7  18.9
RO           24.2  35.2  25.1  28.7
RS           29.4  38.2  25.1  31.9
SE1          21.7  24.5  30.4  15.3
SE2          22.7  23.8  31.7  17.8
SE3          19.9  32.8  24.3  32.5
SE4          27.4  35.8  30.1  29.6
SI           23.5  34.4  28.2  25.5
SK           28.3  34.0  27.4  25.8

=== DAILY-MEAN RESIDUAL: lag-1 autocorr per zone (persistence of day-level bias) ===
z
NO5            0.92
NO3            0.89
NO1            0.87
ES             0.87
PT             0.87
CH             0.82
SE3            0.80
FR             0.79
AT             0.76
NO4            0.76
SE2            0.75
SE1            0.75
NO2            0.74
BE             0.73
HU             0.71
RO             0.71
RS             0.70
SK             0.68
SI             0.67
BG             0.66
DE_LU          0.66
GR             0.65
FI             0.65
CZ             0.65
IT-Sardinia    0.63
NL             0.61
SE4            0.61
EE             0.58
DK1            0.58
LT             0.54
IT-NORTH       0.54
IT-CNORTH      0.54
LV             0.53
PL             0.53
DK2            0.52
IT-CSOUTH      0.49
IT-Sicily      0.43
IT-SOUTH       0.41
IT-Calabria    0.38

=== DAILY-MEAN RESIDUAL: lag-7 autocorr per zone ===
z
NO5    0.80
NO3    0.75
PT     0.72
NO1    0.71
ES     0.71
CH     0.64
SE3    0.61
AT     0.57
SK     0.51
SE2    0.49
RO     0.49
NO4    0.49

=== VARIANCE DECOMP of residual: total 1554; day-level component 713 (46%), intraday 840 (54%)
PCA of zone x day residual matrix: explained var PC1..5 = [0.314 0.17  0.162 0.058 0.047]
PC1 loadings: z
HU            -0.27
SK            -0.25
RO            -0.25
SI            -0.23
BG            -0.22
DK1           -0.22
NL            -0.21
LT            -0.21
SE4           -0.20
LV            -0.20
AT            -0.20
CZ            -0.20
DE_LU         -0.20
DK2           -0.20
BE            -0.19
RS            -0.19
NO1           -0.18
SE3           -0.18
NO2           -0.18
FR            -0.16
PL            -0.15
NO5           -0.15
EE            -0.14
CH            -0.13
NO3           -0.12
GR            -0.11
PT            -0.06
ES            -0.05
FI            -0.05
IT-Sicily     -0.04
IT-Sardinia   -0.04
IT-Calabria   -0.03
SE1           -0.03
SE2           -0.03
IT-CSOUTH     -0.02
IT-SOUTH      -0.02
NO4            0.00
IT-NORTH       0.01
IT-CNORTH      0.02

=== HOURLY residual corr with lag-24h / lag-168h (per zone, top) ===
             lag24  lag168
z                         
NO5           0.81    0.69
NO3           0.77    0.64
NO1           0.75    0.60
HU            0.72    0.53
RS            0.70    0.49
AT            0.69    0.52
PT            0.68    0.56
ES            0.67    0.55
CH            0.66    0.49
SE3           0.65    0.50
DE_LU         0.64    0.42
SK            0.64    0.47
RO            0.63    0.45
NO2           0.62    0.34
SI            0.61    0.44
PL            0.60    0.45
FR            0.59    0.30
NL            0.59    0.39
BE            0.58    0.37
NO4           0.57    0.38
BG            0.57    0.41
CZ            0.57    0.40
SE1           0.56    0.36
SE2           0.56    0.36
GR            0.52    0.37
DK1           0.52    0.24
DK2           0.49    0.26
IT-CNORTH     0.46    0.40
FI            0.46    0.30
IT-NORTH      0.46    0.40
IT-Sardinia   0.44    0.29
LT            0.43    0.29
LV            0.43    0.28
IT-CSOUTH     0.43    0.36
EE            0.42    0.30
IT-Sicily     0.42    0.24
IT-SOUTH      0.38    0.25
IT-Calabria   0.37    0.24
SE4           0.34    0.18
MAE if subtract r_lag24 residual (naive): 20.63 vs raw 26.09; half-weight: 19.83
MAE if subtract r_lag168 residual (naive): 24.66 vs raw 26.09; half-weight: 22.00

=== BIAS by within-zone LOAD QUINTILE (0=low) x group ===
lq         0     1     2     3     4
grp                                 
Baltic -10.0  -7.0 -16.5 -20.9 -40.5
Core     1.5  -3.7  -7.6 -14.7 -24.3
IT     -13.6 -16.2 -18.3 -14.7  -5.1
Iberia   0.3  -2.2  -2.7  -0.2  10.7
Nordic  10.5   9.7   9.3   8.5  -3.0
SEE     -2.7   1.3  -6.6 -12.8 -16.9
other   -6.1 -12.5 -17.9 -18.7 -17.4
lq         0     1     2     3     4
grp                                 
Baltic  31.2  31.6  38.1  39.8  49.4
Core    20.6  21.6  24.4  28.0  33.7
IT      17.5  18.7  21.6  21.7  23.9
Iberia  21.2  20.0  22.1  25.1  30.3
Nordic  28.4  28.3  25.8  24.3  25.7
SEE     17.9  24.4  28.7  31.4  36.3
other   12.7  18.1  22.5  24.4  29.1

=== WORST 15 DAYS (footprint MAE) ===
              MAE  bias    act
date                          
2024-12-12  107.9 -96.2  219.4
2024-12-11   72.9 -61.7  183.8
2026-06-30   60.2 -49.0  145.1
2025-01-20   59.6 -48.6  171.4
2025-11-25   57.8 -45.2  152.0
2026-06-24   56.0 -52.9  148.9
2024-09-03   53.1 -33.9  126.3
2026-08-17   52.2 -44.0  145.5
2024-09-02   50.9 -34.6  126.4
2026-08-04   49.6 -32.4  136.2
2026-08-19   48.3 -46.8  157.9
2026-08-18   48.3 -44.4  151.1
2026-08-03   48.1 -28.5  130.6
2026-08-13   47.6 -37.3  132.1
2024-11-06   47.5 -28.6  129.9

=== DAILY MAE distribution: median 24.7 p90 35.8 share of |err| from worst 10% days: 16.7 %
