paired days: 52  zones: 38  cells: 47300  (zone-hours present in both arms; per-day zone count min 36)
       zone    n  ab370_intervals_MAE  ab370_intervals_bias  ab370_intervals_corr  ab367_noconduct_MAE  ab367_noconduct_bias  ab367_noconduct_corr   dMAE  dcorr  diff_cells
         ES 1246               24.713                 7.815                 0.823               23.609                -0.599                 0.812 -1.104 -0.012         927
         PT 1246               26.309                 6.490                 0.789               25.545                -1.018                 0.776 -0.764 -0.013         901
         BE 1246               27.596                 0.692                 0.658               27.991                -6.430                 0.575  0.396 -0.083        1153
        NO4 1246               25.489                13.867                 0.689               26.089                12.441                 0.654  0.599 -0.035         196
IT-Calabria 1246               18.169               -10.423                 0.836               18.817               -15.747                 0.814  0.648 -0.022        1194
        NO3 1246               20.459                -3.681                 0.722               21.120                -5.027                 0.701  0.661 -0.021         340
        SE1 1246               25.984                16.181                 0.777               26.659                14.564                 0.745  0.675 -0.032         343
        SE2 1246               26.913                17.490                 0.791               27.607                15.880                 0.760  0.694 -0.030         359
        NO2 1246               16.997                -7.686                 0.724               17.710               -10.336                 0.724  0.712 -0.001         973
        NO5 1246               26.851               -22.223                 0.701               27.661               -23.653                 0.687  0.810 -0.014         348
   IT-SOUTH 1246               18.140                -9.495                 0.825               19.319               -16.331                 0.809  1.178 -0.016        1195
        NO1 1246               25.661               -19.748                 0.696               26.883               -21.749                 0.682  1.221 -0.014         541
         NL 1246               27.278                -8.714                 0.661               28.554               -12.874                 0.627  1.276 -0.035        1163
        SE4 1246               32.765                -7.432                 0.555               34.057               -11.281                 0.517  1.292 -0.038         867
  IT-Sicily 1246               21.055               -14.270                 0.799               22.392               -19.205                 0.789  1.336 -0.010        1197
        SE3 1246               22.414                -6.563                 0.730               23.859                -8.855                 0.706  1.444 -0.024         711
  IT-CSOUTH 1246               18.718                -9.849                 0.793               20.330               -17.384                 0.753  1.612 -0.040        1203
         FI 1246               26.135                 8.372                 0.839               28.008                 4.742                 0.788  1.873 -0.050         672
        DK1 1246               26.169                -6.116                 0.763               28.115               -11.404                 0.681  1.945 -0.082        1102
  IT-CNORTH 1246               19.609                -9.194                 0.780               21.778               -20.019                 0.755  2.169 -0.026        1195
   IT-NORTH 1246               20.401               -10.431                 0.767               22.681               -21.228                 0.749  2.280 -0.018        1188
         RS 1246               33.575                -1.722                 0.586               36.443                -9.287                 0.484  2.868 -0.102        1137
      DE_LU 1246               25.313                -8.181                 0.800               28.296               -14.727                 0.710  2.983 -0.090        1162
         FR 1246               26.763                 3.839                 0.838               29.747                -4.347                 0.785  2.985 -0.052        1214
        DK2 1246               30.147               -16.178                 0.649               33.142               -22.046                 0.602  2.995 -0.047        1070
         GR 1222               26.610                -9.897                 0.795               29.619               -21.706                 0.765  3.008 -0.030         975
         BG 1246               30.642               -13.489                 0.736               34.116               -23.855                 0.688  3.474 -0.047        1079
         EE 1246               36.919               -10.914                 0.745               40.536               -15.339                 0.673  3.617 -0.073         831
IT-Sardinia 1246               21.677                -9.873                 0.759               25.499               -19.949                 0.733  3.822 -0.026        1199
         LV 1246               38.562               -28.598                 0.752               42.465               -33.066                 0.699  3.903 -0.053         833
         RO 1246               32.541               -15.533                 0.666               36.685               -26.172                 0.635  4.144 -0.031        1127
         LT 1246               38.009               -27.325                 0.748               42.259               -32.253                 0.692  4.250 -0.056         860
         CZ 1246               25.130               -15.148                 0.776               29.689               -21.141                 0.667  4.559 -0.109        1166
         SK 1246               29.595               -21.865                 0.743               34.887               -28.410                 0.644  5.291 -0.099        1159
         AT 1246               29.169               -24.598                 0.746               34.579               -30.515                 0.665  5.409 -0.081        1030
         SI 1222               30.937               -24.251                 0.720               36.434               -30.819                 0.629  5.497 -0.092        1140
         PL 1246               27.866               -18.111                 0.764               33.509               -23.879                 0.610  5.643 -0.154        1184
         HU 1246               34.662               -28.268                 0.715               41.502               -36.121                 0.625  6.840 -0.090        1145
FOOTPRINT ab370_intervals: MAE=26.73 energy-wMAE=26.02 bias=-9.07 corr=0.767
FOOTPRINT ab367_noconduct: MAE=29.16 energy-wMAE=28.76 bias=-14.97 corr=0.739
arm difference: cells changed 36079 of 47300 (76.3%), mean |Δ| where changed 11.33, max |Δ| 295.9

## PREMIUM over the no-conduct benchmark vs residual over the full ladder (mean €/MWh; share of hours > 10 €/MWh; energy-weighted mean)
       zone  premium_mean  premium_p90  hours_prem>10  premium_ew  resid_full_mean  hours_resid>10
         HU         36.12        85.90           0.70       39.98            28.27            0.64
         LT         32.25        90.94           0.65       36.61            27.33            0.62
         LV         33.07        93.74           0.65       35.32            28.60            0.62
         AT         30.52        68.52           0.75       31.97            24.60            0.69
         SI         30.82        73.44           0.70       31.67            24.25            0.64
         SK         28.41        74.42           0.63       30.10            21.86            0.57
         RO         26.17        75.73           0.60       28.40            15.53            0.51
         PL         23.88        71.62           0.56       26.24            18.11            0.50
        NO5         23.65        52.06           0.76       24.64            22.22            0.74
         GR         21.71        65.06           0.59       23.54             9.90            0.47
         BG         23.85        74.14           0.59       23.53            13.49            0.50
   IT-NORTH         21.23        45.67           0.68       23.41            10.43            0.59
IT-Sardinia         19.95        50.12           0.65       22.88             9.87            0.54
  IT-CNORTH         20.02        45.53           0.66       22.34             9.19            0.55
  IT-Sicily         19.20        47.06           0.61       21.97            14.27            0.60
         CZ         21.14        62.50           0.56       21.22            15.15            0.50
        NO1         21.75        52.70           0.70       21.18            19.75            0.67
        DK2         22.05        70.02           0.53       20.95            16.18            0.48
         EE         15.34        78.14           0.48       19.59            10.91            0.46
  IT-CSOUTH         17.38        42.69           0.60       19.56             9.85            0.53
IT-Calabria         15.75        40.71           0.56       18.64            10.42            0.54
   IT-SOUTH         16.33        41.39           0.57       18.18             9.50            0.52
      DE_LU         14.73        57.50           0.45       15.29             8.18            0.40
         NL         12.87        55.28           0.44       13.56             8.71            0.40
        SE4         11.28        66.57           0.49       10.70             7.43            0.43
        NO2         10.34        37.42           0.43       10.47             7.69            0.38
         RS          9.29        65.15           0.43       10.44             1.72            0.37
        DK1         11.40        53.67           0.42        9.87             6.12            0.38
        SE3          8.86        45.05           0.46        9.22             6.56            0.43
         BE          6.43        48.00           0.37        6.47            -0.69            0.31
        NO3          5.03        39.66           0.40        6.18             3.68            0.38
         FR          4.35        51.11           0.41        4.65            -3.84            0.32
         ES          0.60        37.75           0.38        1.23            -7.82            0.28
         PT          1.02        39.06           0.40        0.58            -6.49            0.30
         FI         -4.74        41.34           0.27       -3.51            -8.37            0.23
        NO4        -12.44        28.50           0.15      -10.43           -13.87            0.14
        SE1        -14.56        28.36           0.17      -12.10           -16.18            0.15
        SE2        -15.88        26.29           0.17      -13.41           -17.49            0.15

## premium by hour of day, footprint mean (€/MWh):
hour
0      6.0
1      5.7
2      6.5
3      9.0
4     15.5
5     24.3
6     24.2
7     17.9
8     10.4
9      6.4
10     3.1
11     2.8
12     3.6
13     5.5
14    11.2
15    20.4
16    32.5
17    42.6
18    37.9
19    28.7
20    18.8
21    11.5
22     7.8
23     6.8
